[[1, 2], [3, 4],[1, 10], [2, 6], [8, 10], [15, 18], [5, 6], [7, 8], [9, 10],[-10, -5], [-6, 0], [1, 2], [2, 3]]
[[1, 3], [2, 6], [8, 10], [15, 18]]
[[1, 4], [4, 5]]
[[-1000, 1000]]
[[2, 6], [1, 3], [8, 10], [15, 18]]
[[1, 4], [0, 0]]
[[1, 4], [2, 3]]
[[1, 4], [0, 2], [3, 5]]
[[5, 6], [1, 2], [2, 4], [7, 9]]
[[-1, 1], [-2, 2], [-3, 3]]
[[1, 10], [2, 6], [8, 10], [15, 18]]
[[5, 6], [5, 5], [6, 6]]
[[1, 2], [2, 3], [3, 4], [4, 5]]
[[1, 3], [4, 6], [7, 9], [10, 12]]
[[10, 20], [15, 25], [5, 15], [0, 5]]
[[1, 5], [2, 6], [8, 10], [9, 12]]
[[1, 4], [0, 5], [5, 10]]
[[-10, -5], [-6, 0], [1, 2], [2, 3]]
[[1, 2], [3, 4], [5, 6], [7, 8], [9, 10]]
[[1, 4], [2, 2]]
